2
3
4
5
6
7
8
9
10
11
13
14
17
19
23
29
31
37
41
43
47
53
59
61
67
71
73
79
83
88
89
97
101
103
107
109
113
127
131
133
137
139
149
151
157
163
167
173
179
181
191
193
197
199
211
223
227
229
231
233
239
241
251
257
263
265
266
268
269
271
277
281
283
293
298
305
307
309
311
313
317
331
337
347
349
353
359
367
371
373
379
383
389
397
401
409
419
421
427
431
433
439
443
449
457
461
463
467
479
487
491
499
503
509
521
523
541
547
557
561
563
569
571
577
587
593
599
601
607
613
617
619
631
641
643
647
653
659
661
671
673
677
683
691
701
709
719
727
733
739
743
751
757
761
769
773
787
797
809
811
821
823
827
829
839
853
857
859
863
877
881
883
887
907
911
919
929
937
941
947
953
967
971
977
983
991
997
1009
1013
1019
1021
1031
1033
1039
1049
1051
1061
1063
1069
1087
1091
1093
1097
1099
1103
1105
1109
1117
1123